171.0792721
171.1796572
171.2802918
171.3811476
171.4821139
171.5842776
171.6877163
171.7917872
171.89591
171.9994376
172.1018035
172.2037162
172.3069582
172.4116197
172.5187618
172.6304706
172.7483194
172.8716868
172.9999456
173.1324354
173.2680352
173.4056226
173.5448845
173.6839404
173.8238223
173.9646163
174.1059074
174.2465171
174.3868179
174.5285967
174.6722115
174.8173683
174.9630382
175.107599
175.2495456
175.386848
175.5174002
175.641858
175.7623659
175.8794915
175.9925714
176.1019456
176.2081263
176.3090962
176.4034355
176.4906101
176.5717426
176.6488946
176.7214462
176.7894872
176.8535929
176.9128913
176.9676452
177.0172314
177.0620321
177.1013946
177.1354648
177.1665777
177.1939796
177.2172584
177.2352932
177.2500463
177.262802
177.2741932
177.2857682
177.2983877
177.3116616
177.3245309
177.3346537
177.3427059
177.3497888
177.3575012
177.3670229
177.3800515
177.3966703
177.4162612
177.4386136
177.4626156
177.4863176
177.5074667
177.5245603
177.5357707
177.5404138
177.5386477
177.5316749
177.521189
177.5084911
177.4927975
177.4738922
177.4512224
177.4249189
177.395842
177.3650173
177.3342194
177.3029732
177.2726301
177.2432528
177.214932
177.1866753
177.1586751
177.1303957
